@@@@@@@@ 1 @@@@@@@@

> TRID_ALL_TIMES
   time_squic  time_equal  time_glasso time_BigQUIC p_set
1 0.009303093 0.015125990 0.5793039799   0.01202202     4
2 0.006958961 0.005275011 0.0006530285   0.03764296    16
3 0.007658958 0.014013052 0.0014050007   0.02112913    64
4 0.011287928 0.021804094 0.0282030106   0.11189103   256
5 0.033535957 0.235260963 1.2045650482   1.37398005  1024
6 0.129525900 5.235157967 4.9847642819  24.37254286  4096

> TRID_ALL_TIMES
   time_squic   time_equal  time_glasso time_BigQUIC p_set
1 0.003255129 0.0004758835 5.478859e-04  0.006340027     4
2 0.004678965 0.0009989738 4.780293e-04  0.007921934    16
3 0.005837917 0.0029351711 1.392841e-03  0.018104076    64
4 0.009732008 0.0227510929 3.244996e-02  0.124068022   256
5 0.032573938 0.2248799801 1.173324e+00  1.121217966  1024
6 0.145051003 4.9851689339 1.485080e+01 23.798794985  4096


> TRID_ALL_TIMES
   time_squic  time_equal  time_glasso time_BigQUIC p_set
1 0.008608103 0.002871037 1.029968e-03  0.008995056     4
2 0.007905960 0.001982927 8.859634e-04  0.011556864    16
3 0.010142088 0.003639936 2.098083e-03  0.029578924    64
4 0.017772913 0.030228138 3.935599e-02  0.153275013   256
5 0.044318914 0.279808998 1.420078e+00  1.462309122  1024
6 0.180639029 5.606713057 1.184833e+01 39.697880030  4096


> TRID_ALL_TIMES
   time_squic   time_equal  time_glasso time_BigQUIC p_set
1 0.004976988 0.0004289150 0.0005779266  0.007363081     4
2 0.004541874 0.0008099079 0.0005538464  0.008723021    16
3 0.006766081 0.0065009594 0.0019869804  0.019955873    64
4 0.013693810 0.0222909451 0.0303039551  0.131441116   256
5 0.037173986 0.2487599850 1.2724900246  1.357665062  1024
6 0.155170918 5.4589397907 9.0275457660 27.345214128  4096



@@@@@@@@@@@@@@@@@@@@@@

> RAND_ALL_TIMES
   time_squic   time_equal  time_glasso time_BigQUIC p_set
1 0.008750200 0.0005149841 0.0006871223   0.00782299     4
2 0.007008076 0.0006358624 0.0005750656   0.01208901    16
3 0.009428024 0.0033330917 0.0016400814   0.02558780    64
4 0.015645981 0.0257589817 0.0365159512   0.11257410   256
5 0.035778999 0.2740812302 1.4029200077   0.82522583  1024
6 0.168854952 5.4006948471 1.6755735993  10.23245716  4096

> RAND_ALL_TIMES
   time_squic   time_equal  time_glasso time_BigQUIC p_set
1 0.002389908 0.0003261566 0.0004332066  0.005579948     4
2 0.003030062 0.0004899502 0.0004529953  0.007972002    16
3 0.006227970 0.0023608208 0.0011789799  0.019726992    64
4 0.010282993 0.0198059082 0.0282230377  0.085075855   256
5 0.025584936 0.2299408913 1.0677390099  0.641169786  1024
6 0.135224104 4.6294150352 1.8214872678 22.086935997  4096

> RAND_ALL_TIMES
   time_squic   time_equal  time_glasso time_BigQUIC p_set
1 0.007804871 0.0006380081 0.0008468628  0.009828806     4
2 0.008851051 0.0010309219 0.0008130074  0.013792038    16
3 0.010478020 0.0037639141 0.0021820068  0.034523964    64
4 0.019303083 0.0324039459 0.0455291271  0.135093927   256
5 0.038943052 0.3312220573 1.7034060955  0.958827019  1024
6 0.179889917 5.5143589973 1.9244490186 23.150738001  4096

> RAND_ALL_TIMES
   time_squic   time_equal  time_glasso time_BigQUIC p_set
1 0.004899025 0.0004999638 0.0004839897  0.005845070     4
2 0.005456924 0.0005218983 0.0004720688  0.008296013    16
3 0.005707026 0.0021369457 0.0012009144  0.016884089    64
4 0.009150028 0.0217549801 0.0254900455  0.079086065   256
5 0.025825977 0.2016949654 0.9723451138  0.580541849  1024
6 0.111579895 4.5507609844 2.0877488494 15.682191849  4096
