 @@@@@@@@ 1 @@@@@@@@

> TRID_ALL_FSCORE
   f1_squic   f1_equal f1_glasso f1_BigQUIC lambda_set
1 0.1128345 0.06907583 0.1382540  0.1382447       0.20
2 0.3197080 0.24464685 0.3261355  0.3261355       0.25
3 0.6776492 0.69549047 0.6799107  0.6799107       0.30
4 0.9137243 0.88964116 0.9079307  0.9079307       0.35
5 0.9386935 0.81170581 0.9394141  0.9394141       0.40
6 0.8936627 0.73580247 0.8976827  0.8976827       0.45
7 0.7851793 0.72892562 0.7975029  0.7975029       0.50
8 0.6422261 0.59689214 0.6576419  0.6576419       0.55
9 0.5450237 0.52616419 0.5505194  0.5505194       0.60

> TRID_ALL_FSCORE
   f1_squic   f1_equal f1_glasso f1_BigQUIC lambda_set
1 0.1135329 0.06885548 0.1392457  0.1392394       0.20
2 0.3201754 0.24282771 0.3277041  0.3277041       0.25
3 0.6716451 0.69283432 0.6732717  0.6732717       0.30
4 0.9125567 0.89195557 0.9047904  0.9047904       0.35
5 0.9501992 0.80077821 0.9523810  0.9523810       0.40
6 0.8955651 0.73005374 0.9013485  0.9013485       0.45
7 0.7728543 0.72425249 0.7862776  0.7862776       0.50
8 0.6389012 0.60072926 0.6472919  0.6472919       0.55
9 0.5464015 0.53250478 0.5552941  0.5552941       0.60

> TRID_ALL_FSCORE
   f1_squic   f1_equal f1_glasso f1_BigQUIC lambda_set
1 0.1137206 0.06838522 0.1393595  0.1393595       0.20
2 0.3236164 0.24279933 0.3311001  0.3311001       0.25
3 0.6787933 0.68029656 0.6828833  0.6828833       0.30
4 0.9141814 0.88733799 0.9090909  0.9090909       0.35
5 0.9440583 0.81609195 0.9466403  0.9466403       0.40
6 0.8956397 0.73986071 0.9004267  0.9004267       0.45
7 0.7911915 0.73684211 0.8001561  0.8001561       0.50
8 0.6552781 0.61773976 0.6675347  0.6675347       0.55
9 0.5559737 0.53530534 0.5620609  0.5620609       0.60

 > TRID_ALL_FSCORE
   f1_squic   f1_equal f1_glasso f1_BigQUIC lambda_set
1 0.1146036 0.06904773 0.1403525  0.1403493       0.20
2 0.3274242 0.24508707 0.3342782  0.3342782       0.25
3 0.6806423 0.69925857 0.6839866  0.6839866       0.30
4 0.9099209 0.89045699 0.9018663  0.9018663       0.35
5 0.9401138 0.81233141 0.9408245  0.9408245       0.40
6 0.8919986 0.75172694 0.8987883  0.8987883       0.45
7 0.7919780 0.74918567 0.8051342  0.8051342       0.50
8 0.6611426 0.61649392 0.6761535  0.6761535       0.55
9 0.5518868 0.53110048 0.5586854  0.5586854       0.60


@@@@@@@@@@@@@@@@@@@@@@@@@@

> RAND_ALL_FSCORE
   f1_squic   f1_equal f1_glasso f1_BigQUIC lambda_set
1 0.1133247 0.07602186 0.1208542  0.1208542       0.20
2 0.2400156 0.23683168 0.2330552  0.2330552       0.25
3 0.3682894 0.37303478 0.3629257  0.3629257       0.30
4 0.3960494 0.38795483 0.3982344  0.3982344       0.35
5 0.3605424 0.35237587 0.3619502  0.3619502       0.40
6 0.3288865 0.32523874 0.3329712  0.3329712       0.45
7 0.3087100 0.30497238 0.3096419  0.3096419       0.50
8 0.2974473 0.29650194 0.2979196  0.2979196       0.55
9 0.2903316 0.28794643 0.2908078  0.2908078       0.60

> RAND_ALL_FSCORE
   f1_squic   f1_equal f1_glasso f1_BigQUIC lambda_set
1 0.1061609 0.07400284 0.1131959  0.1131959       0.20
2 0.2360880 0.22838909 0.2281816  0.2282030       0.25
3 0.3745448 0.37706884 0.3704533  0.3704533       0.30
4 0.3899652 0.37851533 0.3927255  0.3927255       0.35
5 0.3558511 0.34514224 0.3593957  0.3593957       0.40
6 0.3254293 0.31780822 0.3267974  0.3267974       0.45
7 0.3033987 0.29869770 0.3048040  0.3048040       0.50
8 0.2901699 0.28969359 0.2901699  0.2901699       0.55
9 0.2873082 0.28683036 0.2873082  0.2873082       0.60

> RAND_ALL_FSCORE
   f1_squic   f1_equal f1_glasso f1_BigQUIC lambda_set
1 0.1089975 0.07692123 0.1164853  0.1164876       0.20
2 0.2340012 0.23608196 0.2272092  0.2272092       0.25
3 0.3701584 0.36773884 0.3647845  0.3647845       0.30
4 0.3895652 0.37841945 0.3914433  0.3914433       0.35
5 0.3517776 0.33980583 0.3542553  0.3542553       0.40
6 0.3207444 0.31474870 0.3230391  0.3230391       0.45
7 0.3013016 0.29941780 0.3027117  0.3027117       0.50
8 0.2932666 0.29279154 0.2937413  0.2937413       0.55
9 0.2894590 0.28850446 0.2899359  0.2899359       0.60

> RAND_ALL_FSCORE
   f1_squic   f1_equal f1_glasso f1_BigQUIC lambda_set
1 0.1113711 0.07689313 0.1173195  0.1173195       0.20
2 0.2477573 0.23762376 0.2393212  0.2393212       0.25
3 0.3746387 0.37346661 0.3692134  0.3692134       0.30
4 0.3914021 0.38131313 0.3917984  0.3917984       0.35
5 0.3516189 0.34213362 0.3550454  0.3550454       0.40
6 0.3206566 0.31558727 0.3220339  0.3220339       0.45
7 0.3025442 0.29736477 0.3030135  0.3030135       0.50
8 0.2907268 0.29025070 0.2912027  0.2912027       0.55
9 0.2873884 0.28786611 0.2873884  0.2873884       0.60

