 @@@@@@@@ 1 @@@@@@@@

> FSCORE_M_TRID
   accuracy_M_trid_1$f1_squic accuracy_M_trid_2$f1_squic accuracy_M_trid_3$f1_squic eta_set
1                   1.0000000                  0.5008974                  0.1672842   1e-04
2                   1.0000000                  0.7533742                  0.3920317   1e-01
3                   1.0000000                  0.9593750                  0.8182303   2e-01
4                   0.9957475                  0.9928245                  0.9838397   3e-01
5                   0.9543597                  0.9540347                  0.9537100   4e-01
6                   0.7870407                  0.7870407                  0.7867299   5e-01
7                   0.5450237                  0.5450237                  0.5450237   6e-01
8                   0.5002443                  0.5002443                  0.5002443   7e-01
9                   0.5002443                  0.5002443                  0.5002443   8e-01
10                  0.5002443                  0.5002443                  0.5002443   9e-01
11                  0.5002443                  0.5002443                  0.5002443   1e+00


> FSCORE_M_TRID
   accuracy_M_trid_1$f1_squic accuracy_M_trid_2$f1_squic accuracy_M_trid_3$f1_squic eta_set
1                   1.0000000                  0.5013063                  0.1674028   1e-04
2                   1.0000000                  0.7667333                  0.3904859   1e-01
3                   0.9996742                  0.9560611                  0.8133616   2e-01
4                   0.9980418                  0.9947951                  0.9880452   3e-01
5                   0.9649359                  0.9649359                  0.9649359   4e-01
6                   0.7734718                  0.7734718                  0.7734718   5e-01
7                   0.5464015                  0.5464015                  0.5464015   6e-01
8                   0.5017082                  0.5017082                  0.5017082   7e-01
9                   0.5002443                  0.5002443                  0.5002443   8e-01
10                  0.5002443                  0.5002443                  0.5002443   9e-01
11                  0.5002443                  0.5002443                  0.5002443   1e+00


> FSCORE_M_TRID
   accuracy_M_trid_1$f1_squic accuracy_M_trid_2$f1_squic accuracy_M_trid_3$f1_squic eta_set
1                   1.0000000                  0.5008974                  0.1671567   1e-04
2                   1.0000000                  0.7602774                  0.3926333   1e-01
3                   1.0000000                  0.9546020                  0.8177944   2e-01
4                   0.9983687                  0.9964181                  0.9883721   3e-01
5                   0.9631881                  0.9631881                  0.9628629   4e-01
6                   0.7918142                  0.7918142                  0.7918142   5e-01
7                   0.5559737                  0.5559737                  0.5559737   6e-01
8                   0.5017082                  0.5017082                  0.5017082   7e-01
9                   0.5002443                  0.5002443                  0.5002443   8e-01
10                  0.5002443                  0.5002443                  0.5002443   9e-01
11                  0.5002443                  0.5002443                  0.5002443   1e+00


 > FSCORE_M_TRID
   accuracy_M_trid_1$f1_squic accuracy_M_trid_2$f1_squic accuracy_M_trid_3$f1_squic eta_set
1                   1.0000000                  0.5010609                  0.1672204   1e-04
2                   1.0000000                  0.7597129                  0.3906847   1e-01
3                   1.0000000                  0.9578783                  0.8195408   2e-01
4                   0.9970598                  0.9954338                  0.9829308   3e-01
5                   0.9557823                  0.9557823                  0.9538357   4e-01
6                   0.7922895                  0.7922895                  0.7922895   5e-01
7                   0.5518868                  0.5518868                  0.5518868   6e-01
8                   0.5002443                  0.5002443                  0.5002443   7e-01
9                   0.5002443                  0.5002443                  0.5002443   8e-01
10                  0.5002443                  0.5002443                  0.5002443   9e-01
11                  0.5002443                  0.5002443                  0.5002443   1e+00


@@@@@@@@@@@@@@@@@@@@@@@@@@@@@@@@@@@@@@@@@@@@

> FSCORE_M_RAND
   accuracy_M_rand_1$f1_squic accuracy_M_rand_2$f1_squic accuracy_M_rand_3$f1_squic eta_set
1                   1.0000000                  0.5014315                  0.1676372   1e-04
2                   0.8485645                  0.6214207                  0.3018767   1e-01
3                   0.6770160                  0.6371753                  0.5214215   2e-01
4                   0.4755280                  0.4738797                  0.4666017   3e-01
5                   0.3619861                  0.3619861                  0.3617930   4e-01
6                   0.3087100                  0.3087100                  0.3087100   5e-01
7                   0.2903316                  0.2903316                  0.2903316   6e-01
8                   0.2860335                  0.2860335                  0.2860335   7e-01
9                   0.2860335                  0.2860335                  0.2860335   8e-01
10                  0.2860335                  0.2860335                  0.2860335   9e-01
11                  0.2860335                  0.2860335                  0.2860335   1e+00



> FSCORE_M_RAND
   accuracy_M_rand_1$f1_squic accuracy_M_rand_2$f1_squic accuracy_M_rand_3$f1_squic eta_set
1                   1.0000000                  0.5022502                  0.1678195   1e-04
2                   0.8531939                  0.6228837                  0.3052257   1e-01
3                   0.6564551                  0.6161429                  0.5039476   2e-01
4                   0.4828268                  0.4806888                  0.4736970   3e-01
5                   0.3578497                  0.3577540                  0.3575628   4e-01
6                   0.3033987                  0.3033987                  0.3033987   5e-01
7                   0.2873082                  0.2873082                  0.2873082   6e-01
8                   0.2858738                  0.2858738                  0.2858738   7e-01
9                   0.2858738                  0.2858738                  0.2858738   8e-01
10                  0.2858738                  0.2858738                  0.2858738   9e-01
11                  0.2858738                  0.2858738                  0.2858738   1e+00





> FSCORE_M_RAND
   accuracy_M_rand_1$f1_squic accuracy_M_rand_2$f1_squic accuracy_M_rand_3$f1_squic eta_set
1                   1.0000000                  0.5013905                  0.1675871   1e-04
2                   0.8482914                  0.6232044                  0.3044008   1e-01
3                   0.6644894                  0.6283714                  0.5139778   2e-01
4                   0.4809312                  0.4790331                  0.4736585   3e-01
5                   0.3532886                  0.3532886                  0.3532886   4e-01
6                   0.3013016                  0.3013016                  0.3013016   5e-01
7                   0.2894590                  0.2894590                  0.2894590   6e-01
8                   0.2861134                  0.2861134                  0.2861134   7e-01
9                   0.2861134                  0.2861134                  0.2861134   8e-01
10                  0.2861134                  0.2861134                  0.2861134   9e-01
11                  0.2861134                  0.2861134                  0.2861134   1e+00


> FSCORE_M_RAND
   accuracy_M_rand_1$f1_squic accuracy_M_rand_2$f1_squic accuracy_M_rand_3$f1_squic eta_set
1                   0.9998371                  0.5017587                  0.1676274   1e-04
2                   0.8514222                  0.6246395                  0.3063112   1e-01
3                   0.6633275                  0.6253336                  0.5179391   2e-01
4                   0.4810690                  0.4792899                  0.4743777   3e-01
5                   0.3526570                  0.3526570                  0.3526570   4e-01
6                   0.3025442                  0.3025442                  0.3025442   5e-01
7                   0.2873884                  0.2873884                  0.2873884   6e-01
8                   0.2859536                  0.2859536                  0.2859536   7e-01
9                   0.2859536                  0.2859536                  0.2859536   8e-01
10                  0.2859536                  0.2859536                  0.2859536   9e-01
11                  0.2859536                  0.2859536                  0.2859536   1e+00

